Ranked by PWM jitter (lower = flatter). Check overshoot/settle before picking a winner.
config           n     kp  alpha  pwmJit%  pwmStd%  rpmStd     sse   ovr% settle_s
----------------------------------------------------------------------------------
B3_alpha0.15     2   1.56   0.15    0.022    0.040    2.79   -0.00  65.42     0.61
D4_kp1.0_a0.3    2   1.00   0.30    0.032    0.055    2.90    0.00  34.35     0.32
D2_kp1.2_a0.3    2   1.20   0.30    0.038    0.067    3.12    0.00  30.08     0.28
B2_alpha0.3      2   1.56   0.30    0.047    0.083    3.27   -0.01  30.20     0.27
D3_kp1.0_a0.5    2   1.00   0.50    0.050    0.082    3.13   -0.01  12.52     0.13
D1_kp1.2_a0.5    2   1.20   0.50    0.059    0.098    3.30    0.02  16.34     0.14
C3_kp0.8         2   0.80   1.00    0.073    0.091    3.05   -0.01   1.56     0.08
B1_alpha0.5      2   1.56   0.50    0.074    0.121    3.42   -0.01  15.29     0.18
C2_kp1.0         2   1.00   1.00    0.084    0.100    2.94   -0.01   1.20     0.08
C1_kp1.2         2   1.20   1.00    0.096    0.110    2.86   -0.00   1.20     0.11
A_baseline       2   1.56   1.00    0.126    0.143    3.11    0.01   1.26     0.14
